ri=[.013,.018,.0225,.02875,.035,.039,.0415,.0445,.0495,.05325,.05625];
ro=[.018,.0225,.0295,.03425,.0395,.042,.0455,.0495,.053,.0565,.05875];
inner=[1.0765,1.072,1.066,1.0575,1.05,1.0415,1.034,1.027,1.018,1.013,1.001];
r=(ro+ri)/2
dr=(ro-ri)/2